R = 0.579558
P = 0.786987
A = 50.097157
F = 66.752973
